2.567390744445674500e-16
3.998514977512709900e-02
1.897865485619366632e-01
2.053509248840559853e-01
2.161358683244648526e-01
3.042202065028011271e-01
3.274162010836025871e-01
3.507445714672923764e-01
3.673831405294861741e-01
3.851466422609650109e-01
3.951011229192594731e-01
4.073627564723449890e-01
4.229106879693559917e-01
4.320580034096218047e-01
4.370927889652613807e-01
4.453680446021304751e-01
4.490700155319989340e-01
4.658601153801530392e-01
4.684932996618889622e-01
4.792180945638846445e-01
4.884835872532324319e-01
4.979188691271657086e-01
5.006130980492603522e-01
5.108393548732889089e-01
5.182591495523615199e-01
5.189128722232038138e-01
5.230026181921288986e-01
5.264775830181129823e-01
5.323108296891428948e-01
5.416283187021669887e-01
5.486487221930295144e-01
5.544236111113750587e-01
5.569011031614955476e-01
5.584755572723553163e-01
5.609063591199994203e-01
5.636266014352918630e-01
5.676418203341786484e-01
5.710323769679227501e-01
5.759455215171346287e-01
5.801808816522687762e-01
5.817393527495385852e-01
5.846175250617040575e-01
5.875478121079672489e-01
5.906362595020012707e-01
5.946092560710255492e-01
5.988915231283187257e-01
6.012407974874638406e-01
6.056103875556488880e-01
6.061458280160703094e-01
6.112786526209514903e-01
6.117051111940189356e-01
6.166138346407048498e-01
6.193288507210282789e-01
6.207682673427733500e-01
6.222085975078849307e-01
6.251711783962654589e-01
6.264178462807805658e-01
6.324314055609092655e-01
6.338559139781431151e-01
6.373698321773276776e-01
6.383456297758210995e-01
6.405506895634939246e-01
6.436866009484500939e-01
6.468536625264074136e-01
6.498998269049198750e-01
6.501926286826544832e-01
6.526497422652995928e-01
6.534249380100174420e-01
6.560442427536822274e-01
6.599903069307503367e-01
6.622277575859958354e-01
6.634045602612813619e-01
6.653136745070453717e-01
6.661076032065715857e-01
6.672130567839666959e-01
6.692269817769828100e-01
6.738168242849134071e-01
6.759152930487547506e-01
6.764968724828609448e-01
6.784469390672501765e-01
6.805268762803645677e-01
6.824309533135010097e-01
6.839923982961124693e-01
6.870880613013772287e-01
6.875848199858858312e-01
6.911426084124755453e-01
6.918169965693271584e-01
6.935800501616861125e-01
6.952072629086767375e-01
6.961997237968216012e-01
6.990872203099509630e-01
7.016495564455618172e-01
7.018691279078117518e-01
7.032494593038127739e-01
7.050167478890249084e-01
7.066068258217843567e-01
7.082066757539272617e-01
7.100874041268503412e-01
7.126099656253569448e-01
7.149528123449703232e-01
7.166355729282741782e-01
7.168565045136671143e-01
7.175680147821464905e-01
7.201728326387062395e-01
7.225457867412946600e-01
7.241583489755656355e-01
7.252435140029157568e-01
7.271401342455454664e-01
7.283458275282805872e-01
7.285013342200494790e-01
7.306647172555263969e-01
7.323073573808157599e-01
7.353253010505295117e-01
7.371445652222609057e-01
7.378727597813832251e-01
7.387170054856404544e-01
7.403378338965299621e-01
7.430832865001661958e-01
7.441552832852584842e-01
7.448428285567662011e-01
7.476347183597518153e-01
7.482392507732521514e-01
7.495693159183576260e-01
7.519788072240922716e-01
7.531421023691960981e-01
7.540314256948620342e-01
7.557319167877016852e-01
7.564216263780623173e-01
7.574600589051156962e-01
7.576363550304883177e-01
7.586808223081958902e-01
7.594251181238446113e-01
7.630860939924904995e-01
7.645260568986895766e-01
7.662512792784890170e-01
7.672223135146502004e-01
7.683522804424504082e-01
7.699965130354839982e-01
7.709543605018210899e-01
7.720724262377450797e-01
7.740303769706236015e-01
7.750416766889427489e-01
7.754655549001994164e-01
7.760926009582772567e-01
7.789513509875010122e-01
7.805068389389503425e-01
7.813829398501230816e-01
7.819703919989332563e-01
7.826477745709037315e-01
7.861413150031519859e-01
7.874045313626780729e-01
7.877627312197162945e-01
7.888678092203710301e-01
7.903541003895986350e-01
7.917650036893765231e-01
7.933169089294793697e-01
7.946870996262839215e-01
7.960178687955733468e-01
7.974979948818891051e-01
7.985981396363457385e-01
7.998180220097427240e-01
8.008890557454436676e-01
8.019235450329622594e-01
8.025558396545937612e-01
8.043877351782807716e-01
8.050674846368622850e-01
8.064744699072473599e-01
8.076400925084403770e-01
8.083264576686274294e-01
8.089285527249261420e-01
8.100020966455178106e-01
8.108301331567210335e-01
8.124197636396109923e-01
8.131787608736850137e-01
8.138920996075932335e-01
8.164449842344121411e-01
8.189776022098194108e-01
8.195615356483643144e-01
8.200694719288443846e-01
8.208268754781952170e-01
8.226201546778594276e-01
8.233079794834410325e-01
8.246289411109880563e-01
8.263041886370626754e-01
8.276127981727058325e-01
8.280588058767263115e-01
8.294188010624515828e-01
8.300146617199376520e-01
8.319211702034701172e-01
8.327448934338570474e-01
8.339141859064288509e-01
8.349158213158134334e-01
8.354783101461855654e-01
8.365515403702586950e-01
8.383053907858369902e-01
8.388565942784328433e-01
8.416183428080045159e-01
8.420885168561694778e-01
8.427052687446445756e-01
8.438793384150904409e-01
8.439835719263383274e-01
8.443086645232235066e-01
8.473856458834284622e-01
8.476008512185213561e-01
8.490986345590297857e-01
8.511708567678816229e-01
8.522191050432238457e-01
8.529342034372024983e-01
8.537052783779238707e-01
8.559841555763679777e-01
8.564517987030636492e-01
8.577660298958518226e-01
8.594104940859168540e-01
8.599579736656811635e-01
8.615260270116158470e-01
8.621752564496057980e-01
8.623971437776053461e-01
8.633877874996390700e-01
8.644534749777307292e-01
8.648644847322393137e-01
8.662090573637853952e-01
8.672938491787945958e-01
8.677842785105076562e-01
8.689846586914302673e-01
8.699305818322244921e-01
8.720029358799451513e-01
8.722509624673038253e-01
8.733568957019776091e-01
8.743825468520726174e-01
8.752583697888509651e-01
8.764601968328368242e-01
8.774911937488035774e-01
8.788624354649597903e-01
8.796201841287605294e-01
8.804122276574526396e-01
8.813014570985897578e-01
8.823223378036230136e-01
8.828392601550271168e-01
8.844549964039795098e-01
8.854971079704974102e-01
8.860849756542079625e-01
8.873088372916370092e-01
8.882466656881733424e-01
8.898752593258463239e-01
8.900373952968237967e-01
8.906743650363694309e-01
8.913578953003564731e-01
8.924663276029894954e-01
8.937313554876725741e-01
8.940975466304389441e-01
8.952112687999701501e-01
8.968909251712076092e-01
8.983270563831026179e-01
8.996497775956747711e-01
9.000348043755415084e-01
9.009426351189185889e-01
9.015398911618281996e-01
9.023341405909179880e-01
9.034479720057213559e-01
9.040135594099304450e-01
9.057898477049669550e-01
9.064195197859996611e-01
9.075476588873498951e-01
9.083163696050524649e-01
9.087878792791879157e-01
9.100430726965641481e-01
9.103105420017509886e-01
9.114314394076642456e-01
9.119914818588655825e-01
9.132045791900375020e-01
9.153692867893480356e-01
9.155165462588316094e-01
9.173571287256923057e-01
9.175036098241422522e-01
9.184119282257269257e-01
9.192157314939052304e-01
9.201596213070422081e-01
9.207752548276114668e-01
9.217324541665095072e-01
9.225326627798055013e-01
9.246669594973478956e-01
9.256622818361125438e-01
9.263162032884891817e-01
9.270609048400336727e-01
9.277411315577602791e-01
9.283965064824553082e-01
9.298699125967921919e-01
9.301794846601810773e-01
9.310123336470621513e-01
9.320669495050580844e-01
9.326975284526453081e-01
9.335811429229684544e-01
9.339887302801830327e-01
9.343513476350810976e-01
9.354609754167462210e-01
9.360468253322092869e-01
9.372762906809388728e-01
9.387708171178099636e-01
9.399367278905863543e-01
9.413799660796146052e-01
9.415026421601412343e-01
9.427243318044332687e-01
9.434676402164211551e-01
9.459294854089893567e-01
9.461994772130930542e-01
9.466947978929733942e-01
9.470313304471382754e-01
9.473005061238650715e-01
9.493057766159845867e-01
9.508878165038600061e-01
9.520942425496816686e-01
9.532961672741172565e-01
9.534038880065204280e-01
9.544731434473064935e-01
9.554446841155735948e-01
9.574030325908761130e-01
9.580046228478313886e-01
9.587203086326113732e-01
9.591886121835717649e-01
9.598223788710958937e-01
9.615616947639946677e-01
9.627124246305120980e-01
9.632608006276383028e-01
9.643736296031276689e-01
9.653757273814852491e-01
9.655796717443475563e-01
9.668823746515272655e-01
9.673160816208364876e-01
9.677396008784064918e-01
9.682026176720929245e-01
9.693711479158760858e-01
9.698617606924131440e-01
9.704805038563190100e-01
9.722409593883054590e-01
9.726490142248064297e-01
9.729189020646110686e-01
9.750961227187120439e-01
9.757215239417110775e-01
9.769079590619491604e-01
9.770334782490935899e-01
9.779429312294841692e-01
9.787128353952367910e-01
9.795969917578957187e-01
9.802995620645155173e-01
9.816172915540752886e-01
9.824753642961636668e-01
9.832631268844745920e-01
9.835792534372856943e-01
9.842148497484600744e-01
9.853533190131853470e-01
9.855690484741284063e-01
9.858681097362163026e-01
9.869360663646182807e-01
9.884384017476772755e-01
9.887524517803205626e-01
9.891057418477142704e-01
9.914551995108110694e-01
9.920002748160453576e-01
9.923794322621661834e-01
9.932651009585445889e-01
9.934924153650770418e-01
9.943581676303773209e-01
9.959991048661124280e-01
9.960388927575462015e-01
9.964750111165751045e-01
9.977956521487685304e-01
9.992608253598216361e-01
1.000132602454923081e+00
1.001288382877630889e+00
1.002116417345875421e+00
1.002498966958312865e+00
1.003028140681088809e+00
1.003407028152073055e+00
1.004518467097702761e+00
1.005324200861998474e+00
1.006793383361457961e+00
1.007305054728712790e+00
1.008282070260269947e+00
1.009290000947759003e+00
1.009711069691657359e+00
1.011042087848442073e+00
1.011343777886026807e+00
1.012402641518373114e+00
1.012810973465945397e+00
1.012913308157447734e+00
1.014408414698551919e+00
1.015213419054095123e+00
1.016026771794128036e+00
1.016392094092613441e+00
1.016661898245796225e+00
1.017513577628465615e+00
1.018812361740213390e+00
1.020235231987039803e+00
1.020686413468498532e+00
1.021352769345055700e+00
1.021963018645549948e+00
1.023035828020004034e+00
1.024021823926523744e+00
1.024298382675993713e+00
1.025008081382846159e+00
1.026621761503920371e+00
1.027510972291479474e+00
1.028226443192224560e+00
1.028774917686634538e+00
1.030651596403188153e+00
1.030985092180981333e+00
1.032198590311050879e+00
1.032494506866177719e+00
1.033035443465843750e+00
1.033902746463290168e+00
1.034930024827401818e+00
1.035903808906079693e+00
1.036328772813044807e+00
1.036827804219938587e+00
1.037890499483254292e+00
1.038319547281527422e+00
1.039807320092669407e+00
1.041090051432539854e+00
1.041511062555771305e+00
1.041924234335498634e+00
1.042728252534486089e+00
1.043980659596386751e+00
1.044508140503677351e+00
1.045634978841282425e+00
1.046046241963357826e+00
1.046654953305146574e+00
1.047118675895066797e+00
1.047438885271856135e+00
1.047988524019222378e+00
1.049927956032018717e+00
1.050162259079770122e+00
1.050583351408780786e+00
1.052198617664088065e+00
1.053175929665578714e+00
1.054420026880135142e+00
1.054927097296174843e+00
1.055475863396850400e+00
1.055957809375338341e+00
1.057194192412893141e+00
1.058279800247463820e+00
1.058995050199623700e+00
1.059451956743101997e+00
1.060575859631681661e+00
1.061887544130483585e+00
1.062293200453896524e+00
1.062895805046396136e+00
1.063241896831054856e+00
1.064927510165421420e+00
1.065224792089694672e+00
1.065881367193551421e+00
1.066586173707498642e+00
1.067043712819155887e+00
1.067898701438659836e+00
1.068511448533420172e+00
1.070165031859838356e+00
1.071092448667071428e+00
1.071250705483346666e+00
1.072702433561496971e+00
1.073356654683539801e+00
1.074098042370002393e+00
1.074484520561062029e+00
1.075973899218230390e+00
1.076307536776299756e+00
1.076713191315864737e+00
1.078007331903275468e+00
1.078545339117146229e+00
1.079480844883816459e+00
1.080064021704279842e+00
1.080608556947407761e+00
1.081646249430097573e+00
1.082486434684886367e+00
1.083262035362223541e+00
1.084086454392344523e+00
1.084431692786284485e+00
1.084779895247083514e+00
1.085957222898689123e+00
1.087054773580181211e+00
1.087667808582658990e+00
1.087936583355439302e+00
1.088550619435945110e+00
1.089162422412930598e+00
1.091073793608107412e+00
1.092191417136583409e+00
1.092548453068959535e+00
1.093530751928111000e+00
1.094363712575987302e+00
1.095821338196470762e+00
1.096139131245738030e+00
1.096482545925464569e+00
1.097033041747336624e+00
1.097511496421634591e+00
1.098455913226260572e+00
1.099126140771746307e+00
1.099481202901074095e+00
1.100119433165722249e+00
1.100440654254108530e+00
1.101261802253232336e+00
1.101740165601770016e+00
1.102822127804526264e+00
1.103501875077584238e+00
1.104371195262781935e+00
1.105913921580098602e+00
1.106116311010109321e+00
1.106847998502741515e+00
1.108830643079825373e+00
1.108988967515800894e+00
1.110634223723077518e+00
1.111310930603812919e+00
1.111766516255972004e+00
1.112843330567855338e+00
1.113188583867892989e+00
1.113881644891752565e+00
1.114160676364452485e+00
1.114659547706174036e+00
1.115473184180422850e+00
1.116728046068801827e+00
1.116930784540324906e+00
1.118302300807341165e+00
1.119513821503931528e+00
1.119842073649188530e+00
1.120536318830093192e+00
1.121669667879107823e+00
1.121939263878157567e+00
1.123782974524190292e+00
1.124180369813897240e+00
1.125041997378304126e+00
1.125527926955263380e+00
1.126159514706892573e+00
1.127077144508512818e+00
1.127702245707536521e+00
1.129436820174684719e+00
1.130409967512763458e+00
1.130955842300502612e+00
1.131155671831292286e+00
1.132281822470053045e+00
1.132998573936921938e+00
1.133580775762062620e+00
1.134076588237510341e+00
1.134631307721379434e+00
1.135139173351982000e+00
1.135686468358585666e+00
1.136835179535887308e+00
1.137139853339534712e+00
1.137246402273871304e+00
1.138741989642309660e+00
1.139069706297273443e+00
1.139871010421486419e+00
1.140333516912114042e+00
1.141785629067654684e+00
1.143042060934273296e+00
1.143691395471662764e+00
1.144227171563702239e+00
1.145062840547962146e+00
1.145712467880046548e+00
1.146382603900248265e+00
1.146918151648724793e+00
1.147748662861866720e+00
1.148618095987115950e+00
1.149482963449611095e+00
1.150583996016171229e+00
1.151009172456129104e+00
1.151722564181557606e+00
1.152362122736451111e+00
1.153411315475226129e+00
1.153615831660584456e+00
1.154380776538129538e+00
1.154858914909947520e+00
1.155400288555226584e+00
1.156597227054799726e+00
1.157536989195399713e+00
1.158793891864405845e+00
1.159386112632685428e+00
1.160496001275449496e+00
1.161956343269240799e+00
1.162136891306663866e+00
1.162566971264555882e+00
1.162746135622676924e+00
1.164167656949203433e+00
1.164756827414441975e+00
1.165078824104722965e+00
1.166670410113779699e+00
1.167441263749732450e+00
1.167731374085945850e+00
1.168059839823405888e+00
1.169599909534148718e+00
1.170107243755801329e+00
1.170919301994313155e+00
1.171814428150969034e+00
1.172702567913738170e+00
1.172947184058898085e+00
1.173705467254690271e+00
1.174731396558530427e+00
1.175370699251470974e+00
1.175893672613361307e+00
1.177965103528911595e+00
1.178076469314901287e+00
1.178850022716972701e+00
1.178987063839763483e+00
1.180545747298911374e+00
1.181975636398624907e+00
1.182184502960863526e+00
1.183111203252622534e+00
1.184041224939408998e+00
1.184687429318752594e+00
1.185605689231396864e+00
1.186399508841399442e+00
1.187229114306331601e+00
1.188449324039135169e+00
1.189758953469755465e+00
1.189952721875722208e+00
1.190419952295256101e+00
1.191727511579603771e+00
1.192135237297995198e+00
1.193107283685378439e+00
1.194055080832191917e+00
1.194375489255970590e+00
1.194749347926649108e+00
1.196781343111238183e+00
1.197756112983565879e+00
1.198069240259994173e+00
1.198481963327734379e+00
1.199165972389234058e+00
1.199427555146729940e+00
1.201459341130970859e+00
1.201798198100289872e+00
1.201903327034529401e+00
1.203911083043417429e+00
1.204478410916666409e+00
1.204743955551058399e+00
1.206275931602364571e+00
1.207500824643591875e+00
1.208219157545820543e+00
1.209228934535440780e+00
1.209672623670026592e+00
1.209906872063901240e+00
1.210446023012487604e+00
1.210931891009996653e+00
1.211956838608594378e+00
1.212984077578832531e+00
1.213584158858582507e+00
1.214822435157749458e+00
1.215187644189552163e+00
1.216315055694476399e+00
1.216911783186734430e+00
1.217309430726261521e+00
1.217685327971165243e+00
1.218414745408994193e+00
1.218609773389810691e+00
1.220219404106356320e+00
1.221714662053516864e+00
1.222330734472133251e+00
1.223372978975247438e+00
1.223512777244091465e+00
1.223828649222588272e+00
1.225430052301892614e+00
1.225911210543658703e+00
1.226461557560862614e+00
1.227951533600810885e+00
1.228109805381684350e+00
1.229074676089441764e+00
1.230609295071383391e+00
1.231287319772402800e+00
1.232142593012218290e+00
1.233743983290821689e+00
1.233996089931834961e+00
1.235273229069944634e+00
1.235371065084281517e+00
1.236237630191248549e+00
1.236983902725445006e+00
1.237786397046931608e+00
1.238975369311425379e+00
1.240102143138945845e+00
1.241293322706619628e+00
1.241458522261165598e+00
1.242782204949129055e+00
1.243757007993130825e+00
1.244632583239732249e+00
1.245160040079152708e+00
1.245544785421746292e+00
1.246197633543496552e+00
1.247286738213077451e+00
1.247863112328922330e+00
1.249146633585247690e+00
1.250699604535455478e+00
1.251257813515307848e+00
1.252073894195621984e+00
1.252596424356160032e+00
1.253268898708432388e+00
1.254000706054415826e+00
1.254793193753629632e+00
1.255970959881800741e+00
1.257002347814219156e+00
1.257896573909095483e+00
1.258498015658514380e+00
1.259047688761572914e+00
1.259888992630331606e+00
1.259916899919045763e+00
1.261232562392905487e+00
1.261946866882135865e+00
1.263102990301371742e+00
1.264061168578880068e+00
1.264489349274587227e+00
1.266552756878465580e+00
1.266832685502919054e+00
1.267350301739681884e+00
1.268845791992580407e+00
1.269222899933011073e+00
1.270755742196871374e+00
1.272140775491776621e+00
1.272306570324802433e+00
1.273566401919645319e+00
1.273944484436476454e+00
1.274523441217674247e+00
1.275391398153034261e+00
1.276372281255303553e+00
1.278584510539452879e+00
1.279223269549530251e+00
1.280189487485682065e+00
1.281431239384302367e+00
1.283190473359416828e+00
1.284124340293306243e+00
1.284249629991490949e+00
1.285952461680503367e+00
1.286226466690730152e+00
1.287534462241021416e+00
1.288812978685508703e+00
1.289117292732654407e+00
1.289602267133056479e+00
1.290703518807372108e+00
1.291484598185337784e+00
1.292263721837080492e+00
1.293858670973887737e+00
1.294672604305615371e+00
1.295436923854483613e+00
1.296802207195809187e+00
1.297193237571266922e+00
1.298010465069638908e+00
1.299968357696580146e+00
1.301697688684764209e+00
1.302028761494640419e+00
1.302691602219460787e+00
1.303675445883001993e+00
1.305410139455680518e+00
1.305812286473320150e+00
1.307547983790598556e+00
1.308184464467187169e+00
1.308736414919711377e+00
1.310133738699267303e+00
1.310993391613205494e+00
1.311227139630349425e+00
1.312644246332609343e+00
1.313181944499306919e+00
1.314435213996498097e+00
1.315281012478090039e+00
1.317754054518894824e+00
1.318659245841242722e+00
1.318918750375335236e+00
1.320825979269327322e+00
1.321156290435809399e+00
1.322062683898711510e+00
1.323368292211691610e+00
1.324568796293313255e+00
1.326652441006210159e+00
1.326853157322475996e+00
1.327606539416403386e+00
1.328676688033384012e+00
1.329659967239163354e+00
1.330609898811911940e+00
1.332062952729693439e+00
1.333678272070869752e+00
1.334183320481130641e+00
1.335427652585114089e+00
1.336662615328906067e+00
1.336908392454518868e+00
1.340019641359386560e+00
1.341086235379260527e+00
1.342592243125307450e+00
1.342935965289549394e+00
1.344341948375100015e+00
1.346995189425216344e+00
1.347737278725549714e+00
1.350207364106320140e+00
1.351709381905217944e+00
1.353654465895380188e+00
1.355391709468251049e+00
1.356978717615576091e+00
1.357220493517674154e+00
1.362846401945521535e+00
1.364017861383934660e+00
1.364897859905171318e+00
1.366604874229520483e+00
1.368950604080150901e+00
1.370655262259468543e+00
1.371227537224313453e+00
1.373088360072644454e+00
1.375423061245815370e+00
1.377003084012983436e+00
1.380498273612756899e+00
1.383765042520517241e+00
1.385297595219128208e+00
1.387888883052055489e+00
1.391959050514841367e+00
1.393592328134718672e+00
1.400109974506651200e+00
1.405104460468581395e+00
