2.567390744445674500e-16
3.307398457155583810e-02
1.742972203641438012e-01
1.850708470505798842e-01
1.953492634369799752e-01
3.023993689102090765e-01
3.254663086611974121e-01
3.398779681846796352e-01
3.635163450982007993e-01
3.731046393465217159e-01
3.823547624160229530e-01
3.895297131553002168e-01
3.982904892575953593e-01
4.147178739245936940e-01
4.231667479101400287e-01
4.272545180486370109e-01
4.462616324522657996e-01
4.501425104355111784e-01
4.622677404951310298e-01
4.654643204119803257e-01
4.766930289051438119e-01
4.812957638360051971e-01
4.879846880848127677e-01
4.938888448759083949e-01
5.008653869116714841e-01
5.067335686306204678e-01
5.139479694488265915e-01
5.191645523005908869e-01
5.213574691244297066e-01
5.266610985432578218e-01
5.351760608605835579e-01
5.374740238394823955e-01
5.431595719730156757e-01
5.459190967040400411e-01
5.552261392075434898e-01
5.559055760377521471e-01
5.606209933278387680e-01
5.629553391502138959e-01
5.666634351541209869e-01
5.686456885845290188e-01
5.692824607638901080e-01
5.746153985091545513e-01
5.784570299933398108e-01
5.798199470872685835e-01
5.876833994456895915e-01
5.913545890512978964e-01
5.972287246835060737e-01
5.979481159051379668e-01
6.007190994769220360e-01
6.033286751426997219e-01
6.061787960325759617e-01
6.108240767872850085e-01
6.119043980365707069e-01
6.149910915091493235e-01
6.190418244532494008e-01
6.211587242115682583e-01
6.243639749582178267e-01
6.264735961545341292e-01
6.268465109685372738e-01
6.299355182911138273e-01
6.352885909594792047e-01
6.375024096999680756e-01
6.393296127799787953e-01
6.427186102372216547e-01
6.453890586369636084e-01
6.475379418087737760e-01
6.504536466633793479e-01
6.512250896809901324e-01
6.522309873720723017e-01
6.537255428183329498e-01
6.566052609234718229e-01
6.601817063881268988e-01
6.608993240116575185e-01
6.642582164051517024e-01
6.652527848635497731e-01
6.689199535697368804e-01
6.699243753525573331e-01
6.716526168053270629e-01
6.733645397534255839e-01
6.746332884553393194e-01
6.774823689069613408e-01
6.808139307976879273e-01
6.825470889012013043e-01
6.829737051173674356e-01
6.860302015109450702e-01
6.876380166394606697e-01
6.888491540106609357e-01
6.892796935691875015e-01
6.925374655397918966e-01
6.947129175790807132e-01
6.968406196786266493e-01
6.985209168279659098e-01
6.993320760896152288e-01
7.014124996241609677e-01
7.035279236996623276e-01
7.057744866729207533e-01
7.064601472910335689e-01
7.088798021085347401e-01
7.093442484127959746e-01
7.135616373482471797e-01
7.166817920612601478e-01
7.172144606798673827e-01
7.182751563491734936e-01
7.199222737384681770e-01
7.221418551060219126e-01
7.227317363764007574e-01
7.271130173447889478e-01
7.288036927050376423e-01
7.293346499549374640e-01
7.304959396101472491e-01
7.358542429840875254e-01
7.361261606479736486e-01
7.382403436746571845e-01
7.382437171079393456e-01
7.384495178568875051e-01
7.411480952553640700e-01
7.420492570272371191e-01
7.438778413611721874e-01
7.454565881296072449e-01
7.456539733614969689e-01
7.472308874393031042e-01
7.485738114950383215e-01
7.496978379818466376e-01
7.524636094556425014e-01
7.533077220258742601e-01
7.538014196896681840e-01
7.553192054534296762e-01
7.565007779797128240e-01
7.587659662114474290e-01
7.613230214450755762e-01
7.629955901261403772e-01
7.642499580521168179e-01
7.649587185553319291e-01
7.677799851978805989e-01
7.699767415671493476e-01
7.712778198978744726e-01
7.715564648648612911e-01
7.731034182939505728e-01
7.746795475893444305e-01
7.755876951764416605e-01
7.758528779541967735e-01
7.768796887850327737e-01
7.781848904637213016e-01
7.802658241394676564e-01
7.813418951941000223e-01
7.820965479921808683e-01
7.839807355731183147e-01
7.841587026134042571e-01
7.869820968742269329e-01
7.874679812233561504e-01
7.881538102627652087e-01
7.896576760077030910e-01
7.918145597701915506e-01
7.933195150927473405e-01
7.945621497331902816e-01
7.952273621733617626e-01
7.966715055875811524e-01
7.980692036431693559e-01
8.001020181606053328e-01
8.016678701199906332e-01
8.027619556312539650e-01
8.039973720790516420e-01
8.044914563423924969e-01
8.063335753467998357e-01
8.071703566536050367e-01
8.081456232851902399e-01
8.086664988152754141e-01
8.096407235264890812e-01
8.105680228630197659e-01
8.129395485341139871e-01
8.135016394886548374e-01
8.148226849748523293e-01
8.164924055354678689e-01
8.169428160270028050e-01
8.191586019057719437e-01
8.210421469293158747e-01
8.216803431426992210e-01
8.221411182518946204e-01
8.234412548697292999e-01
8.242430627838973622e-01
8.247266992998193436e-01
8.272749447756438945e-01
8.276623647093882541e-01
8.289723969832410999e-01
8.296775996040399725e-01
8.312257320916548453e-01
8.328973660408877100e-01
8.344209173483663200e-01
8.348396070089205701e-01
8.364483347884311693e-01
8.375808789856608039e-01
8.379784266684114913e-01
8.389260403838535440e-01
8.408068168091977768e-01
8.417389562418724491e-01
8.422682323969012952e-01
8.438253824340740117e-01
8.445676837633141476e-01
8.460622093712766301e-01
8.476028973398769262e-01
8.478439027804941519e-01
8.499526871270752792e-01
8.508084648293970931e-01
8.519520141257240775e-01
8.531515473319285503e-01
8.549728480670858444e-01
8.551585645597997720e-01
8.565580244718554725e-01
8.581237095997618081e-01
8.581663392161503756e-01
8.592324386300893568e-01
8.603165892726588604e-01
8.612604896875392102e-01
8.625115938028562468e-01
8.630664064562124649e-01
8.632922895712537015e-01
8.634694558934798980e-01
8.658374787366166503e-01
8.674693555168156989e-01
8.685067307877227805e-01
8.711710711567751675e-01
8.724620213586997686e-01
8.730771584622046833e-01
8.735472328918186813e-01
8.739518473208267579e-01
8.759883734973430425e-01
8.768617051448092115e-01
8.772487688351563451e-01
8.783693141420706452e-01
8.795290137789242291e-01
8.803857678347004612e-01
8.818346178051209572e-01
8.829328608906609199e-01
8.837888792319903430e-01
8.849741787699680895e-01
8.860330855905557135e-01
8.868644221876211819e-01
8.876577302512963508e-01
8.883587958509699956e-01
8.888096916772993961e-01
8.895649325771455285e-01
8.901469523255074456e-01
8.907311563698993018e-01
8.911987621257460024e-01
8.927206918301243688e-01
8.931360198639080039e-01
8.951593682770893068e-01
8.963664565243649740e-01
8.970557784737314133e-01
8.975956294472883235e-01
8.987631149056091173e-01
9.002354870951915222e-01
9.006011168860670324e-01
9.012396453918246619e-01
9.025412845843978626e-01
9.035666885848320229e-01
9.043933810286625130e-01
9.048185820883901664e-01
9.057525204584169209e-01
9.074574440811816745e-01
9.085349329641542182e-01
9.089107721320689448e-01
9.101491283666162113e-01
9.117010708924526696e-01
9.126005276983617520e-01
9.136027547237394186e-01
9.142107481293325622e-01
9.148206272186344412e-01
9.161952907739596697e-01
9.184553251904861160e-01
9.185871678404090579e-01
9.187736641490648060e-01
9.210505932960593167e-01
9.215094511615279371e-01
9.225854144753106167e-01
9.233830856728305614e-01
9.239842279310146456e-01
9.242989721681298398e-01
9.251943523157183380e-01
9.264662271394049631e-01
9.280896776226897904e-01
9.289882155787719809e-01
9.301905122856342079e-01
9.309564582603359062e-01
9.315339485052774871e-01
9.327779039147581219e-01
9.338255269028862271e-01
9.341938911220944997e-01
9.351881690973531391e-01
9.360345990640981384e-01
9.365257447699598670e-01
9.375179419543335779e-01
9.385659178918325241e-01
9.407728827521676385e-01
9.415259336817376479e-01
9.426310017496656313e-01
9.432655760290316049e-01
9.436971325681181577e-01
9.445266976435162665e-01
9.457705066935009341e-01
9.472082465147426689e-01
9.478364178422035158e-01
9.486917379428995156e-01
9.497822266484243769e-01
9.503470028731809682e-01
9.515439608858171638e-01
9.524690112666233111e-01
9.530246340289911799e-01
9.539037433063832783e-01
9.553366534952975053e-01
9.560565330116419513e-01
9.571402425701771577e-01
9.577588180599747592e-01
9.589349636157862289e-01
9.599801719675057354e-01
9.601894278087238499e-01
9.608500218665249060e-01
9.619548189558202456e-01
9.628480054781021202e-01
9.632996515301777141e-01
9.654486006038961454e-01
9.659335159287839589e-01
9.662559588510574171e-01
9.675647371814762865e-01
9.683625573117944363e-01
9.685994388846951297e-01
9.691725848838992352e-01
9.714280628808934503e-01
9.715884931509903844e-01
9.729342769671548430e-01
9.737323759035062531e-01
9.746468902613065755e-01
9.749857715565496408e-01
9.760100585701745324e-01
9.764702066896763233e-01
9.772592011230325504e-01
9.779586351704424585e-01
9.789207482691820728e-01
9.798185355362175608e-01
9.809141301861210582e-01
9.810920861232664825e-01
9.823777723770712456e-01
9.834868361434000450e-01
9.845308447046426936e-01
9.852740531898791509e-01
9.856859102010189222e-01
9.862771323606340790e-01
9.870186499864728180e-01
9.878946918845492586e-01
9.888503470936109707e-01
9.898489947670362499e-01
9.905209754066016670e-01
9.910458729287522361e-01
9.916638373834552045e-01
9.926745240319967412e-01
9.932414571928057656e-01
9.935795448901341143e-01
9.953829128130751158e-01
9.962420933282455371e-01
9.965301290290283776e-01
9.973076302574900298e-01
9.986415649079743995e-01
9.996603936268545487e-01
1.000566824702929347e+00
1.000816972645353520e+00
1.001280953075991187e+00
1.002213037536173745e+00
1.003527604496499581e+00
1.004836603367153858e+00
1.005811449202058450e+00
1.006751528987355870e+00
1.007236877584122725e+00
1.008893068955248218e+00
1.009264578415407954e+00
1.010396372854461822e+00
1.011837559487631655e+00
1.012240198525168333e+00
1.012591462468302561e+00
1.013447036137576474e+00
1.013886348070681898e+00
1.015745796631757791e+00
1.016432131659219751e+00
1.017709751885455649e+00
1.018225456127013206e+00
1.018533850062284474e+00
1.019166269629595334e+00
1.020420670335764779e+00
1.021617742521623295e+00
1.022177249035650437e+00
1.022675177187633677e+00
1.023350840462657230e+00
1.023819009938149671e+00
1.025166891363308741e+00
1.025876357512407466e+00
1.026364971837510742e+00
1.026628880075736605e+00
1.028600636275988522e+00
1.029144724827601109e+00
1.029737525187464975e+00
1.030208102805055592e+00
1.030883308758555161e+00
1.031303447613684199e+00
1.033150360948733582e+00
1.033596580553491462e+00
1.035075715116314576e+00
1.036052593119424436e+00
1.036580266717244125e+00
1.037512227884194616e+00
1.037802482006608962e+00
1.038433456203678773e+00
1.038735709773833005e+00
1.039315889513611424e+00
1.040326430564297855e+00
1.040602157439917796e+00
1.041634909562954903e+00
1.042660854079037414e+00
1.042926619823820733e+00
1.044538830243161076e+00
1.044947125600683924e+00
1.046025769666263594e+00
1.046499282330666247e+00
1.046712917366802387e+00
1.048115684395234615e+00
1.048310412583403517e+00
1.048744690764299659e+00
1.049369565042735486e+00
1.050611637711203583e+00
1.051827901380316233e+00
1.052073131400102168e+00
1.052457732150210434e+00
1.053496673385911020e+00
1.054557802195476901e+00
1.055319812002904145e+00
1.056453075808324149e+00
1.057293031229918023e+00
1.058341721077747710e+00
1.058418903618855822e+00
1.059469743417339904e+00
1.060209768395004248e+00
1.060640260689942105e+00
1.061331937534166991e+00
1.062370809852926312e+00
1.063402228715276454e+00
1.063778968849115936e+00
1.064236051548856032e+00
1.065433601014911247e+00
1.065743343322491210e+00
1.066328622934966663e+00
1.067174482858336715e+00
1.067951442600196810e+00
1.069122902600814662e+00
1.069759486333966780e+00
1.070527984449972214e+00
1.070803864277682482e+00
1.071408274577327457e+00
1.072244354439288561e+00
1.074306409442558508e+00
1.075096076286257585e+00
1.075813462760006001e+00
1.076263291177632642e+00
1.076829254667712288e+00
1.077577937997882263e+00
1.077973543302351400e+00
1.079499827332073281e+00
1.080255346155424956e+00
1.080682985637289928e+00
1.082269608167401032e+00
1.082638571744119371e+00
1.083051458905159192e+00
1.083258272543505374e+00
1.084748936638161076e+00
1.085513621276118279e+00
1.085544898429409377e+00
1.086385611511947236e+00
1.086849611654679304e+00
1.087304826240739430e+00
1.087912037222569905e+00
1.089527396225358213e+00
1.090079715328482024e+00
1.090954416664984272e+00
1.091525450791686724e+00
1.092057269032364220e+00
1.092486576846986912e+00
1.094169429465511545e+00
1.094307567259539260e+00
1.094934074587229578e+00
1.096100323102411123e+00
1.096794468155393165e+00
1.097995190991561065e+00
1.098989596175185435e+00
1.099417904448771521e+00
1.100445356889102388e+00
1.100646674409713421e+00
1.101751926140992932e+00
1.102342413800244669e+00
1.103132220868686231e+00
1.103961934066088446e+00
1.104704925900910295e+00
1.105083082922796889e+00
1.105928143951219411e+00
1.106792312258066735e+00
1.108144914363557332e+00
1.108649980609450747e+00
1.109100009205486792e+00
1.109492215626153300e+00
1.110134357904090541e+00
1.111997057296945979e+00
1.113137050860348864e+00
1.113514449299155551e+00
1.113767784704262409e+00
1.114686033242665797e+00
1.115577985105036696e+00
1.116256349745705645e+00
1.117645978495283909e+00
1.118689221259685063e+00
1.119057991104571270e+00
1.119606012187801314e+00
1.120967036304964415e+00
1.121476010681771607e+00
1.121694540134611673e+00
1.123072980272845411e+00
1.123623809821153063e+00
1.124478597517288847e+00
1.125204975962136977e+00
1.125913055744234059e+00
1.126578555247963243e+00
1.127022874514013839e+00
1.127570286319707904e+00
1.128470698191636812e+00
1.128992059696120043e+00
1.129911475729412196e+00
1.130261878880256088e+00
1.131635633407990671e+00
1.131809647926935503e+00
1.132804142682400261e+00
1.133700600524512936e+00
1.134409342288851263e+00
1.135266771176924872e+00
1.135971905857201536e+00
1.136766042737285431e+00
1.137256092884913583e+00
1.137744696632123853e+00
1.138605170987196491e+00
1.138747289085365599e+00
1.139560296809286832e+00
1.140130384203443148e+00
1.141401329284088551e+00
1.142475707790239658e+00
1.143850317504035541e+00
1.144325298514196509e+00
1.145102618837664288e+00
1.145250768488706106e+00
1.145998117887566226e+00
1.146273536401542170e+00
1.147983065676148495e+00
1.148538719403255914e+00
1.148657105158573000e+00
1.150667678167510699e+00
1.151310145826456299e+00
1.152058228636607673e+00
1.152230959815031985e+00
1.152628819972675744e+00
1.154571610020175498e+00
1.154879599713398264e+00
1.155416600288217577e+00
1.156022431216504387e+00
1.156435261393419900e+00
1.157005579650890459e+00
1.157568305069136327e+00
1.158227086279901341e+00
1.159203740249399317e+00
1.159541997115172363e+00
1.160723563850604156e+00
1.160904399181098334e+00
1.162133677767385853e+00
1.162535737716175355e+00
1.162759930527647256e+00
1.163857667140510088e+00
1.165527769475774855e+00
1.165868342994623719e+00
1.166335310006904047e+00
1.167129564907837702e+00
1.167464602043324140e+00
1.168616601084546014e+00
1.169669914593162829e+00
1.170111252458404971e+00
1.170717640409942861e+00
1.171645311639273768e+00
1.171919202491937595e+00
1.172448151551979567e+00
1.172793165167903107e+00
1.174201742062606524e+00
1.175193791171068147e+00
1.176260303083619618e+00
1.176747454943314342e+00
1.177772923644842429e+00
1.178610078418658169e+00
1.179225940334255096e+00
1.179834299647239959e+00
1.180140380579200121e+00
1.181792839598686973e+00
1.182193282220428854e+00
1.183645870494008490e+00
1.184544358288815102e+00
1.184846046917226392e+00
1.185269865350146112e+00
1.186038111246167315e+00
1.187571109602797659e+00
1.187977158140271605e+00
1.188510420960700698e+00
1.189337831162977421e+00
1.190136323552076103e+00
1.190824717171673708e+00
1.191577990640287243e+00
1.192370494208725651e+00
1.192537016400170291e+00
1.194856379925607559e+00
1.195095522282770384e+00
1.195936339516971758e+00
1.196328450569073665e+00
1.196920883740993480e+00
1.197243311934294896e+00
1.199023173420402655e+00
1.199314645717155958e+00
1.199938561715472973e+00
1.200788245509011309e+00
1.201277548860296918e+00
1.203141895570430719e+00
1.203263181367119294e+00
1.203979238327340884e+00
1.205459556766485862e+00
1.205845906650074628e+00
1.206745495747443719e+00
1.207122503518672785e+00
1.207960603938523780e+00
1.208621886469962936e+00
1.209009482477240160e+00
1.210365019733309122e+00
1.211118453397100225e+00
1.211887585132091605e+00
1.213130524934548760e+00
1.213455989399436774e+00
1.214078965432942248e+00
1.215011885236438216e+00
1.215346399463070437e+00
1.216463777499098509e+00
1.217361281547478358e+00
1.217507541398303861e+00
1.219626048931892193e+00
1.219829929603596819e+00
1.220965170097743968e+00
1.221557873653499771e+00
1.222480240927808826e+00
1.222953054750436808e+00
1.224529990320797124e+00
1.224845491058930147e+00
1.225787871349985014e+00
1.227012585883392459e+00
1.227456365175070063e+00
1.227945039342686284e+00
1.228948614134006911e+00
1.229427184324899169e+00
1.229564830230134298e+00
1.230551708405839717e+00
1.231302164870233140e+00
1.231746100682633127e+00
1.232493847640887763e+00
1.234752740825929118e+00
1.234911194557427372e+00
1.236112404139106280e+00
1.236367935203023016e+00
1.237138540985932789e+00
1.238594048626123101e+00
1.239394299087551277e+00
1.240050201254047968e+00
1.240490511101465465e+00
1.241672141919604178e+00
1.241771265392224155e+00
1.243660142751848774e+00
1.244024577855326497e+00
1.244072490894203353e+00
1.246015776977238199e+00
1.247008025522656771e+00
1.247824080293048477e+00
1.248358565485848448e+00
1.249046409687816439e+00
1.249511153126484864e+00
1.250236030539016552e+00
1.251401057616729817e+00
1.252309179553805718e+00
1.252717380943236813e+00
1.253923962695272287e+00
1.255004229660517279e+00
1.256462603123684296e+00
1.257365729595942394e+00
1.257711173675758465e+00
1.258966577770248341e+00
1.259776082137092024e+00
1.260372817550137858e+00
1.262212180356666380e+00
1.262376437082559644e+00
1.262706081486844267e+00
1.264067820327471336e+00
1.265207817040978400e+00
1.265247650668472224e+00
1.265909224251229981e+00
1.266649733804445788e+00
1.268691991431403432e+00
1.269744894249016154e+00
1.270322581561173392e+00
1.271435334451909593e+00
1.273119233247567372e+00
1.273501227078082776e+00
1.274297067214621437e+00
1.274679879327179410e+00
1.275652263811001497e+00
1.276748002797973847e+00
1.277405091572600071e+00
1.278472126939981690e+00
1.278909017587273711e+00
1.279653318229709180e+00
1.280882841764388935e+00
1.281981452985768488e+00
1.282824964213299612e+00
1.283182148393902322e+00
1.284312860584639893e+00
1.285353186683324100e+00
1.285416458073900925e+00
1.286272767222631286e+00
1.287170785687944186e+00
1.288368860998867271e+00
1.289567798208072213e+00
1.289833245939983053e+00
1.291468492633579546e+00
1.292124057659471026e+00
1.293999329260326459e+00
1.294581511652218131e+00
1.295284862975041751e+00
1.295528123716973123e+00
1.296211825916553151e+00
1.297580830409567065e+00
1.299897865707252409e+00
1.300282070902840648e+00
1.302389925640295543e+00
1.303434574439169102e+00
1.303869073740201445e+00
1.304178412129400666e+00
1.305477672526386135e+00
1.306810454243947817e+00
1.307642113072808643e+00
1.307828571382792404e+00
1.309486408569232374e+00
1.311449080742965290e+00
1.312663569001185637e+00
1.312780334985530040e+00
1.314372156944714432e+00
1.315530571892897127e+00
1.315611597612304617e+00
1.318130716433352001e+00
1.319223189343262215e+00
1.319425890753419539e+00
1.320078074111596500e+00
1.321223034821373377e+00
1.322908895865312795e+00
1.323820819211374733e+00
1.324368860243456902e+00
1.326112334399599968e+00
1.327310166176385753e+00
1.328195824356126487e+00
1.331209482659772458e+00
1.331430047268993722e+00
1.331784550477228324e+00
1.333040340052323636e+00
1.333072536018041987e+00
1.335319419540696106e+00
1.336873430220996140e+00
1.338159139222965921e+00
1.339277449855114099e+00
1.340457796281222302e+00
1.341086374214776722e+00
1.341820817802356069e+00
1.343517975654094920e+00
1.345727038379530782e+00
1.347482655515173766e+00
1.348553692174150331e+00
1.349454875393980569e+00
1.350724220659996755e+00
1.353167185849917464e+00
1.353758559052583355e+00
1.354108671248888784e+00
1.357512181847906341e+00
1.359794374571610343e+00
1.360570185858510417e+00
1.362379127788060140e+00
1.363962143264348947e+00
1.365649319598511324e+00
1.366578380004599191e+00
1.371309028559337451e+00
1.371635464435484453e+00
1.376490003872315793e+00
1.378837416253134940e+00
1.381965930014529276e+00
1.388647306098074408e+00
1.393247685535095037e+00
1.404544090709320070e+00
