-9.714451465470119729e-17
9.841723697230529699e-02
2.802373991297650857e-01
2.924097151867395272e-01
3.148703766834832773e-01
3.298668518424837659e-01
3.538573228966298556e-01
3.750334853028070015e-01
3.811383222271379489e-01
3.857547472729106475e-01
4.021790934474799295e-01
4.068437774549493180e-01
4.236219851589054786e-01
4.326956614107667631e-01
4.416701119888648552e-01
4.455030003173611197e-01
4.484551685914755503e-01
4.591226579476356262e-01
4.697885634730815663e-01
4.765833646097772380e-01
4.834474924683319075e-01
4.918803345611222344e-01
4.937590884727481866e-01
4.984666077323673949e-01
4.987716718544351613e-01
5.120848729826574797e-01
5.133757733819788172e-01
5.183452648787432171e-01
5.213674701646217047e-01
5.242940173573975571e-01
5.310499027540783734e-01
5.342357032885604040e-01
5.402771579796308288e-01
5.461591981783678884e-01
5.469486225515770572e-01
5.498909820169575191e-01
5.558849381936626921e-01
5.569777695483543178e-01
5.612168165644255691e-01
5.641356610108346770e-01
5.664037740858064440e-01
5.719963531666952816e-01
5.771022472005428172e-01
5.783489159728467666e-01
5.812560846163817851e-01
5.844323915994358298e-01
5.863595268806949257e-01
5.905819500565012703e-01
5.926197609559309409e-01
5.948616311079270025e-01
5.972148308273903528e-01
6.002794146485133098e-01
6.049698650284633938e-01
6.058695904830118106e-01
6.094467575944018112e-01
6.101173492794974562e-01
6.120401268481887591e-01
6.155780057332168598e-01
6.189693468591873637e-01
6.209462984095555083e-01
6.236682748051924907e-01
6.260287342583688019e-01
6.265345456578992334e-01
6.304042575481441091e-01
6.328997714361520588e-01
6.353604188681357678e-01
6.400038366935684175e-01
6.401751760961380544e-01
6.415202184770839589e-01
6.429370321912067920e-01
6.434482300306979541e-01
6.477954416218925093e-01
6.511907863441254163e-01
6.534991399911992405e-01
6.556038763485702026e-01
6.571143897287348157e-01
6.596339228349630268e-01
6.621702492477773427e-01
6.641577174358284097e-01
6.661377409903660451e-01
6.685784323080060654e-01
6.698754936689698125e-01
6.717429248440190959e-01
6.772430922607828307e-01
6.778948987070181342e-01
6.789030718983752877e-01
6.814644677785400839e-01
6.824900035481027416e-01
6.838703494971171137e-01
6.856308881518777820e-01
6.883744991037070715e-01
6.907664085223848005e-01
6.925031207781592313e-01
6.934831661533042979e-01
6.953021139030101105e-01
6.957934729684498443e-01
6.960167585240085719e-01
6.991399322912739134e-01
7.030688238197194684e-01
7.046788724594970077e-01
7.048088090301080078e-01
7.068881872266061794e-01
7.079048077079148626e-01
7.097878246727614693e-01
7.119673559424617437e-01
7.135043797192825998e-01
7.164835159980285084e-01
7.177607702896349195e-01
7.201500851283458848e-01
7.218683345425456199e-01
7.241607926881878932e-01
7.250628394360604245e-01
7.270599612560663116e-01
7.277828194958841923e-01
7.298807954279616927e-01
7.309668828105124749e-01
7.320162425639898940e-01
7.346440815836029481e-01
7.357315881991203232e-01
7.362973936134624697e-01
7.385799891900286518e-01
7.397952330191928105e-01
7.412226855859516128e-01
7.418092869972122694e-01
7.425785006358509577e-01
7.438284691916425828e-01
7.463321642602459560e-01
7.479956292844481824e-01
7.501515203785200647e-01
7.523666895721163872e-01
7.543988816171387501e-01
7.546579762216043541e-01
7.562694224616608452e-01
7.588914141424195625e-01
7.590359002127757826e-01
7.612364359434767858e-01
7.616246740699460505e-01
7.627640346608655086e-01
7.639963310502204674e-01
7.663557658388543414e-01
7.672492825225883939e-01
7.690184797111441206e-01
7.699708937549427645e-01
7.725304387117680749e-01
7.728466914630431894e-01
7.743230549317521305e-01
7.758424151011783509e-01
7.778726326167124672e-01
7.783852918189749781e-01
7.804888380628599576e-01
7.812876870706956245e-01
7.833391037629966469e-01
7.837671355700862597e-01
7.856323193989681597e-01
7.866974898735041855e-01
7.880389194509641593e-01
7.889275702804864343e-01
7.901132055025086309e-01
7.906809042090684470e-01
7.924356401332489641e-01
7.945481443513564557e-01
7.950422482017596160e-01
7.953578355726335092e-01
7.973217378162922309e-01
7.980067615221562161e-01
8.002147444064697801e-01
8.006668156546432602e-01
8.025336278928372202e-01
8.043521122560207681e-01
8.050190208900613875e-01
8.062591785442138059e-01
8.076342998029899523e-01
8.092394319084877941e-01
8.105227707156263950e-01
8.113035321778486741e-01
8.131945857177215187e-01
8.133908092795276712e-01
8.147888185054933397e-01
8.151181612471994908e-01
8.161611705824559637e-01
8.176768977542826500e-01
8.187368578279559106e-01
8.198675877235519494e-01
8.221381997170694733e-01
8.227944067605320599e-01
8.235526307846285921e-01
8.240824789950061957e-01
8.246777548169709204e-01
8.268458214874496726e-01
8.290077864266599539e-01
8.300893432829122842e-01
8.303703830542128461e-01
8.307769297038950507e-01
8.320765243588941207e-01
8.328708000329149153e-01
8.353359008183965928e-01
8.369376935356940272e-01
8.379928868305493994e-01
8.389803407484918152e-01
8.397327058508261555e-01
8.405688006049669703e-01
8.420365732014630789e-01
8.435868170018215872e-01
8.446508282958538061e-01
8.461036468174075731e-01
8.469109222213649923e-01
8.471561950658806905e-01
8.490605950122883661e-01
8.500495995568457808e-01
8.512584796732095560e-01
8.524228735066086138e-01
8.540371106995934269e-01
8.554192480075868410e-01
8.559708576313136419e-01
8.575485841864486369e-01
8.582301623647499156e-01
8.592616683456717475e-01
8.603005249292493550e-01
8.611235886781243298e-01
8.626931939873517807e-01
8.639728582046580785e-01
8.648725341634989627e-01
8.658272125822407128e-01
8.659722386702759511e-01
8.682464704598322758e-01
8.694810860613624293e-01
8.698812064025840396e-01
8.710616731427366366e-01
8.716083639212689471e-01
8.726949931502222535e-01
8.735458473840036486e-01
8.740645120903343113e-01
8.751149099632600237e-01
8.772230582935396370e-01
8.788424892492544549e-01
8.790735952093613470e-01
8.804168500058808799e-01
8.809868173548869308e-01
8.820317273029698590e-01
8.843874751301155079e-01
8.852584614001594021e-01
8.865672364924191973e-01
8.869758274817247656e-01
8.879001072113322790e-01
8.888589154685675453e-01
8.899740094606397589e-01
8.914989231042953488e-01
8.922165693639679818e-01
8.938579099472530043e-01
8.942147017271581122e-01
8.950535917475270775e-01
8.962008497210360858e-01
8.971003157837913466e-01
8.973646209167341903e-01
8.992636980823101034e-01
9.001710631382333627e-01
9.007725245821455173e-01
9.024134783130823845e-01
9.036048209229647910e-01
9.054277073906513706e-01
9.061684449501226091e-01
9.072107925254737637e-01
9.078933915875075922e-01
9.090986648043631879e-01
9.100133651517294808e-01
9.112403435757644443e-01
9.121085045635040078e-01
9.123710016202731810e-01
9.144060871567644133e-01
9.149660710774144556e-01
9.156013873884270016e-01
9.164980086185871011e-01
9.169292831852666747e-01
9.176412292340463406e-01
9.190742534016934639e-01
9.192529214294897777e-01
9.199906733204478160e-01
9.213207474386991835e-01
9.226214193141244468e-01
9.234170444618812201e-01
9.243143691900463921e-01
9.259417804818735886e-01
9.269624004409352525e-01
9.279127880706602438e-01
9.290096427303361493e-01
9.297613118427365819e-01
9.306653189092095602e-01
9.326458657950805753e-01
9.332404804077930605e-01
9.342661381700873013e-01
9.352605448979652847e-01
9.355261537895179780e-01
9.363019277397538476e-01
9.387470417528006594e-01
9.395775897766763807e-01
9.402203275618230549e-01
9.405989626976981599e-01
9.414640764883415169e-01
9.422390582808072290e-01
9.425093381661701075e-01
9.438722877923312327e-01
9.453670749440981069e-01
9.460116001000969943e-01
9.472407306659804682e-01
9.475225559101371209e-01
9.494183297235025965e-01
9.499016340286245974e-01
9.504975484935335173e-01
9.515208102424982384e-01
9.519455972067607519e-01
9.533267868061233719e-01
9.539987523244467527e-01
9.546849430975832274e-01
9.552548293613319919e-01
9.570484115302078099e-01
9.580814436803585243e-01
9.587614563156749981e-01
9.593831265690885290e-01
9.599698360020221255e-01
9.608599781721580690e-01
9.614716406140731975e-01
9.628617948562477880e-01
9.636485799161164101e-01
9.650510089679078529e-01
9.656208305791595947e-01
9.666087956611314480e-01
9.668494434038091834e-01
9.681241664059708762e-01
9.686150567213089868e-01
9.702713265867546344e-01
9.712033585406876224e-01
9.718984220532629337e-01
9.725162968881141401e-01
9.736452364538368265e-01
9.744544829012833365e-01
9.753964081532013886e-01
9.762282305261928972e-01
9.776731500688613519e-01
9.790744944750101597e-01
9.791525180928710714e-01
9.797927869623905828e-01
9.812237155159012625e-01
9.819670589524475135e-01
9.827952050782050586e-01
9.835029400205529404e-01
9.842508569514462069e-01
9.854695670042280531e-01
9.856627142694015520e-01
9.866699885268530590e-01
9.872818528571629670e-01
9.881846932883255885e-01
9.888622530419001189e-01
9.898464811926631635e-01
9.909688894510941815e-01
9.921050829820540207e-01
9.927540533976636494e-01
9.938517514762477134e-01
9.942436494240154410e-01
9.947352082816078855e-01
9.957059696525694115e-01
9.962896857752496782e-01
9.973750381691606215e-01
9.981971768504501741e-01
9.988977656935652538e-01
1.000137260652462556e+00
1.000996185595392607e+00
1.001238400258668504e+00
1.002885355476458740e+00
1.003427231170282319e+00
1.004082869947991563e+00
1.005539459738390429e+00
1.006403134890556661e+00
1.007129804145297403e+00
1.007686376457274102e+00
1.008671390271118185e+00
1.009298413494381430e+00
1.010278766251450522e+00
1.010922690475500874e+00
1.012051091279258408e+00
1.012738146520651528e+00
1.013652953332240925e+00
1.014149897015575119e+00
1.014852152385441686e+00
1.015639833271280601e+00
1.016749606129389472e+00
1.017019896898228692e+00
1.017918099315431091e+00
1.018540839084471239e+00
1.019666182410871258e+00
1.020336416882665409e+00
1.021172945988372938e+00
1.021611597568284902e+00
1.022929146703374759e+00
1.023440033008718331e+00
1.024346010679092034e+00
1.024743722561541448e+00
1.025724786248660703e+00
1.027290647239972765e+00
1.028460064648364369e+00
1.028702944145659215e+00
1.030003760868490437e+00
1.031030546132565950e+00
1.031493533536823826e+00
1.031658098461261996e+00
1.032616211431105491e+00
1.033125644019182054e+00
1.034610041680328107e+00
1.035398425349517870e+00
1.036814745336348542e+00
1.037344223296541967e+00
1.037609320337881780e+00
1.039393935242594047e+00
1.039903185378796335e+00
1.040547946211735519e+00
1.040948293372773392e+00
1.041284477337151904e+00
1.042316305457358538e+00
1.042515880542208340e+00
1.044081858205196056e+00
1.044763956016716344e+00
1.045335530006281877e+00
1.045968484890681172e+00
1.047543956722674530e+00
1.048082116116681339e+00
1.048737377785390112e+00
1.049695952228686835e+00
1.050530859056802546e+00
1.050962405804728661e+00
1.051719317369994355e+00
1.052573086362539545e+00
1.052998644052639543e+00
1.053810465475674807e+00
1.055496226324205589e+00
1.056070380172567047e+00
1.056613993301687815e+00
1.057014331349430236e+00
1.057158345287264378e+00
1.058552877449124185e+00
1.059244718908953109e+00
1.060518627831813276e+00
1.060661983506931971e+00
1.062002165810699728e+00
1.062581551493721799e+00
1.063908346884632428e+00
1.064381758970083469e+00
1.065096875326513315e+00
1.065994143200843514e+00
1.067046898350294315e+00
1.068060720873295955e+00
1.068444959837842934e+00
1.069570546231690011e+00
1.070264550663343472e+00
1.071496752401272401e+00
1.072173186707086279e+00
1.072648986121534032e+00
1.073831088354734398e+00
1.074349140135678393e+00
1.074891847860724559e+00
1.076071375070956515e+00
1.076919452466735594e+00
1.077463925319237958e+00
1.078495969501722440e+00
1.078884922748895692e+00
1.079629601629471303e+00
1.080051141464577924e+00
1.080271225029033388e+00
1.082055566711394690e+00
1.082269707651514423e+00
1.082910568144549002e+00
1.084053286011439354e+00
1.084292258134638587e+00
1.085415537182267798e+00
1.085605933194858208e+00
1.086325985222958312e+00
1.088110170709885027e+00
1.088469314418615275e+00
1.089241096503973383e+00
1.090010885326636592e+00
1.090765957741595127e+00
1.091699231050491825e+00
1.092285188376630467e+00
1.093046739749889529e+00
1.093762921257018350e+00
1.094839847390849830e+00
1.095852670191396872e+00
1.096892535128322299e+00
1.097466595233577591e+00
1.098538410430292434e+00
1.098642399230077338e+00
1.099396388971065175e+00
1.099726118047978263e+00
1.100527980086724922e+00
1.101121248249159246e+00
1.102810836940116612e+00
1.103004896244776045e+00
1.103734690686106745e+00
1.104139215085757408e+00
1.105410511471211832e+00
1.105765522328385542e+00
1.106414077660806239e+00
1.107060026278471332e+00
1.108933633230208882e+00
1.109000698045610633e+00
1.109673281247464782e+00
1.110036293475032743e+00
1.111064071416990595e+00
1.111361815254866769e+00
1.112834568409919900e+00
1.113815436532649139e+00
1.114260466242077641e+00
1.114557851669596200e+00
1.115123384263144501e+00
1.117190321265878694e+00
1.117513825096113855e+00
1.118285914152713278e+00
1.119076854976960966e+00
1.119372967678950559e+00
1.120358320792585793e+00
1.120485953011248315e+00
1.121702788613289536e+00
1.122174725003118212e+00
1.123157247397534197e+00
1.123763621413017999e+00
1.124466578055334898e+00
1.125756078514968284e+00
1.126360643016754315e+00
1.127442543794769714e+00
1.127938778841171885e+00
1.128531024747821077e+00
1.129392577339418224e+00
1.130362713800251884e+00
1.131185076530490052e+00
1.132243246128435965e+00
1.132610465160044599e+00
1.133370098254786740e+00
1.133919389648732512e+00
1.134631924927135049e+00
1.135271762223018621e+00
1.135882390459052482e+00
1.136706294133336792e+00
1.137572256679497684e+00
1.139036079161504622e+00
1.139458751136764869e+00
1.140207313096164299e+00
1.140842778495323007e+00
1.140903881891973892e+00
1.141771381557151077e+00
1.143564047998349764e+00
1.144368072119585911e+00
1.144510717326662208e+00
1.144986639754709712e+00
1.145961763151527313e+00
1.147058131471529574e+00
1.147848272723701379e+00
1.148076711607228129e+00
1.149945872800016922e+00
1.150191141398839934e+00
1.151100139816420675e+00
1.151769679225889131e+00
1.152281738314484993e+00
1.153045907263237968e+00
1.153843849226265483e+00
1.154524036467083459e+00
1.155806057771944451e+00
1.156574729888403708e+00
1.158628491624782653e+00
1.159012475771504569e+00
1.159309142761814737e+00
1.159772736871730991e+00
1.160518392958729939e+00
1.160994486753432753e+00
1.162194357846476178e+00
1.162747590387748442e+00
1.163356079436360213e+00
1.164671625933307864e+00
1.165354284871872537e+00
1.165984830140407436e+00
1.166515321587357823e+00
1.167173352719885759e+00
1.168111373937914976e+00
1.168447685182202322e+00
1.169460331406200648e+00
1.170191181025529659e+00
1.170384326668254094e+00
1.171756152371921766e+00
1.172391991535840061e+00
1.172704565268897214e+00
1.174266306154821304e+00
1.174762411319198341e+00
1.175189581137630945e+00
1.176162273855347662e+00
1.177517524729893905e+00
1.178044887183795852e+00
1.178755165507893610e+00
1.179638592710895439e+00
1.180253452685089632e+00
1.180656095717713683e+00
1.181542900921887407e+00
1.182221792013802286e+00
1.182902025966786841e+00
1.183619249761159731e+00
1.184713437613451381e+00
1.185908168062349333e+00
1.186687899664640389e+00
1.187110331421388443e+00
1.188045755832131345e+00
1.189299364225216760e+00
1.189797967231422504e+00
1.190465328215209340e+00
1.191302556046571981e+00
1.192004755758310441e+00
1.192749552321676898e+00
1.194196530075713136e+00
1.194817736864576263e+00
1.195300403711833992e+00
1.195680501625924208e+00
1.196599341978703324e+00
1.197922744872616629e+00
1.198228385544863439e+00
1.198998144341129946e+00
1.199207154185603752e+00
1.200513384454947596e+00
1.200894534694672666e+00
1.202650494460583364e+00
1.203548940559285407e+00
1.204195574698093019e+00
1.204921519908076055e+00
1.205324491003757270e+00
1.206547548092972377e+00
1.207278971128580736e+00
1.208028946469902332e+00
1.208507141225252823e+00
1.209706680476307916e+00
1.209836875812121848e+00
1.210817492095135561e+00
1.211476507950657533e+00
1.211638790147075317e+00
1.213239279087402256e+00
1.213838906583133204e+00
1.214397811827490292e+00
1.215491103920829818e+00
1.216869812608413648e+00
1.217254295665799901e+00
1.218198647405373425e+00
1.218804549291405026e+00
1.219849720106916280e+00
1.220362967995104020e+00
1.220769947864475347e+00
1.222202703615375974e+00
1.222947728914966836e+00
1.223452056225087237e+00
1.224086035645900239e+00
1.225029431159845750e+00
1.225628329713477349e+00
1.226359730902378820e+00
1.226775752650870244e+00
1.227670669829149519e+00
1.228609659457945869e+00
1.230549428487300867e+00
1.231989923369170681e+00
1.232266038145675147e+00
1.233510678645674874e+00
1.233803309749937682e+00
1.234448179068554863e+00
1.235403146250322992e+00
1.236449941358112703e+00
1.237831253573450141e+00
1.238967540760750774e+00
1.240287419991332962e+00
1.240761865885825932e+00
1.241190678074032050e+00
1.241372703448999637e+00
1.243485516608020980e+00
1.243751650407085130e+00
1.244446369726069257e+00
1.245032893086144732e+00
1.245689368939183472e+00
1.246450189341473669e+00
1.247452888205133004e+00
1.248027309945798136e+00
1.249706925492878318e+00
1.250028685409616758e+00
1.250966972737948435e+00
1.253331092309252881e+00
1.253891411964407787e+00
1.254075934104506462e+00
1.254326691167168883e+00
1.255225847205914347e+00
1.256359407520065252e+00
1.256875299691948333e+00
1.257913073497160195e+00
1.258903620808193180e+00
1.259561151697435433e+00
1.260646611461148536e+00
1.261897536069227055e+00
1.262450830966925563e+00
1.263989389720771905e+00
1.264818580337475851e+00
1.265644317067007973e+00
1.266547780553811009e+00
1.266650223217846261e+00
1.267380548435674159e+00
1.268613186927102676e+00
1.269472016971341599e+00
1.270690375686670315e+00
1.272127646112516386e+00
1.272959607146016747e+00
1.273772303557222152e+00
1.274829791470290408e+00
1.275712786045196001e+00
1.275895024103663511e+00
1.277205056577404463e+00
1.277958030503255404e+00
1.279124920514568720e+00
1.279501921593701352e+00
1.280697168772649830e+00
1.282072520171924523e+00
1.282955678851795955e+00
1.284378703346944928e+00
1.284730977099399318e+00
1.285869257931772980e+00
1.287427827624744614e+00
1.288394472579504457e+00
1.289507890486663921e+00
1.289810778016440951e+00
1.290985566694512476e+00
1.291332252033629890e+00
1.292635481732007596e+00
1.294023785199059695e+00
1.294469824126772250e+00
1.295738382963875113e+00
1.296401728371158413e+00
1.297076298169646424e+00
1.298405250696290203e+00
1.299746047563095086e+00
1.300169893842940017e+00
1.301582453938144424e+00
1.302461783835567655e+00
1.303859721200729460e+00
1.304262183638109862e+00
1.305515949430284595e+00
1.306382633074464339e+00
1.306987130133644426e+00
1.308819289281075271e+00
1.310075232799383427e+00
1.311013260818528314e+00
1.311321068137680346e+00
1.313087537840943675e+00
1.314844906412858228e+00
1.315778821793395448e+00
1.316355247734046774e+00
1.318990352350949413e+00
1.319906469281421080e+00
1.321158923839074628e+00
1.322614987406456555e+00
1.323153080774619905e+00
1.323876929746728104e+00
1.324995697327916888e+00
1.326559852758980806e+00
1.327449658037328284e+00
1.328612970691141815e+00
1.329229823770364360e+00
1.330007810061795581e+00
1.332861299221733020e+00
1.333805517902967974e+00
1.335099095561869564e+00
1.336307278630664674e+00
1.337732995962319649e+00
1.339211542157157098e+00
1.340845702415065954e+00
1.342457343539094738e+00
1.342997741712866011e+00
1.343528011315592963e+00
1.344263526929843300e+00
1.345267154675770849e+00
1.346464200814008638e+00
1.348489497185835662e+00
1.349757289021655149e+00
1.351672439626104838e+00
1.352955236908139902e+00
1.354175254927362904e+00
1.355972809576147187e+00
1.356783300124544844e+00
1.357386292372287473e+00
1.359112238930697991e+00
1.360677315277796673e+00
1.362936601978006257e+00
1.366337606557500584e+00
1.367861297413080157e+00
1.368599489416635340e+00
1.372139387241014807e+00
1.373235157399567585e+00
1.374610695680911876e+00
1.375851789426402405e+00
1.379944581606989740e+00
1.380182806003606544e+00
1.382518942366332659e+00
1.386288961884849735e+00
1.388132304383432158e+00
1.390203984604784893e+00
1.395681206579228784e+00
1.398224664907395498e+00
1.400418261397017972e+00
1.404875916964478000e+00
1.412304433754910216e+00
